0 0.251389 0.285938 0.102778 0.109375
0 0.650694 0.476562 0.079167 0.080208
0 0.256250 0.502604 0.056944 0.061458
0 0.450000 0.618750 0.088889 0.081250
0 0.325000 0.742708 0.075000 0.083333
0 0.720833 0.677083 0.088889 0.091667
0 0.506944 0.892708 0.097222 0.056250
1 0.329167 0.500521 0.055556 0.073958
1 0.234722 0.719271 0.069444 0.067708
1 0.443750 0.875000 0.051389 0.095833
1 0.706944 0.472917 0.069444 0.070833
1 0.523611 0.619271 0.058333 0.069792
1 0.758333 0.295833 0.072222 0.085417
1 0.707639 0.471875 0.056944 0.072917
