0 0.186111 0.066389 0.225000 0.085311
0 0.477083 0.097178 0.220833 0.114817
0 0.896528 0.083387 0.193056 0.100064
0 0.759028 0.200449 0.273611 0.103271
0 0.508333 0.290892 0.250000 0.073765
0 0.184028 0.223541 0.206944 0.095574
0 0.275694 0.360808 0.215278 0.093008
0 0.163889 0.498717 0.186111 0.119949
0 0.505556 0.550994 0.294444 0.100064
0 0.797917 0.436177 0.190278 0.115459
0 0.775694 0.623477 0.245833 0.105196
0 0.249306 0.654907 0.234722 0.084670
0 0.291667 0.771969 0.230556 0.081462
0 0.614583 0.762989 0.240278 0.112251
0 0.822917 0.880693 0.168056 0.115459
0 0.404167 0.900898 0.188889 0.117383
0 0.101389 0.951892 0.183333 0.094933
