0 0.110417 0.090909 0.087500 0.122622
0 0.311111 0.119450 0.097222 0.120507
0 0.423611 0.194503 0.094444 0.126850
0 0.583333 0.063425 0.102778 0.109937
0 0.702083 0.159619 0.090278 0.120507
0 0.838889 0.255814 0.080556 0.139535
0 0.972222 0.133192 0.055556 0.122622
0 0.961806 0.415433 0.076389 0.120507
0 0.897222 0.564482 0.088889 0.122622
0 0.763889 0.539112 0.083333 0.097252
0 0.563889 0.357294 0.088889 0.114165
0 0.483333 0.524313 0.083333 0.135307
0 0.326389 0.428118 0.088889 0.124736
0 0.181944 0.301268 0.100000 0.112051
0 0.066667 0.389006 0.083333 0.093023
0 0.023611 0.760042 0.044444 0.120507
0 0.110417 0.872093 0.076389 0.124736
0 0.195139 0.573996 0.062500 0.099366
0 0.341667 0.801268 0.355556 0.397463
0 0.575000 0.896406 0.088889 0.147992
0 0.970139 0.900634 0.059722 0.122622
1 0.754167 0.786469 0.272222 0.427061
