0 0.363194 0.795983 0.329167 0.408034
0 0.108333 0.875264 0.086111 0.139535
0 0.021528 0.757928 0.040278 0.095137
0 0.197222 0.583510 0.072222 0.093023
0 0.071528 0.385835 0.073611 0.107822
0 0.186111 0.298097 0.100000 0.122622
0 0.108333 0.090909 0.088889 0.126850
0 0.310417 0.124736 0.090278 0.118393
0 0.418750 0.195560 0.087500 0.145877
0 0.484028 0.522199 0.079167 0.131078
0 0.326389 0.422833 0.080556 0.114165
0 0.567361 0.355180 0.084722 0.097252
0 0.579861 0.061311 0.084722 0.118393
0 0.701389 0.157505 0.083333 0.128964
0 0.843750 0.251586 0.087500 0.131078
0 0.968056 0.412262 0.063889 0.101480
0 0.968056 0.125793 0.063889 0.120507
0 0.759028 0.527484 0.068056 0.082452
0 0.893056 0.562368 0.086111 0.109937
0 0.968750 0.910148 0.062500 0.120507
0 0.579861 0.882664 0.093056 0.133192
1 0.749306 0.785412 0.237500 0.429175
