0 0.366667 0.209108 0.305556 0.102630
0 0.615972 0.263951 0.198611 0.105837
0 0.858333 0.305645 0.233333 0.099423
0 0.840972 0.150096 0.212500 0.115459
0 0.585417 0.091084 0.284722 0.118024
0 0.143056 0.310776 0.169444 0.104554
0 0.368056 0.345414 0.216667 0.082745
0 0.568750 0.411482 0.279167 0.112251
0 0.821528 0.465683 0.198611 0.112893
0 0.351389 0.528865 0.311111 0.107120
0 0.612500 0.585311 0.191667 0.096857
0 0.148611 0.641116 0.191667 0.114817
0 0.575694 0.744067 0.293056 0.114176
0 0.184028 0.143040 0.190278 0.093650
0 0.150000 0.462797 0.230556 0.080180
0 0.827778 0.624759 0.200000 0.091084
0 0.932639 0.688262 0.134722 0.078255
0 0.831250 0.798268 0.176389 0.116100
0 0.359028 0.862091 0.290278 0.110327
0 0.603472 0.922386 0.201389 0.103913
0 0.141667 0.795702 0.258333 0.099423
0 0.150694 0.959269 0.195833 0.081462
0 0.830556 0.952534 0.230556 0.094933
