0 0.184167 0.036759 0.211667 0.071846
0 0.478333 0.062239 0.213333 0.121136
0 0.887500 0.052632 0.178333 0.103592
0 0.188333 0.203008 0.233333 0.116959
0 0.512500 0.266500 0.238333 0.091896
0 0.779167 0.184211 0.278333 0.109440
0 0.280833 0.351295 0.211667 0.077694
0 0.808333 0.429407 0.190000 0.131997
0 0.157500 0.490810 0.175000 0.121136
0 0.516667 0.550961 0.303333 0.112782
0 0.774167 0.638680 0.251667 0.104428
0 0.260833 0.668755 0.238333 0.089390
0 0.280833 0.795739 0.201667 0.091061
0 0.610000 0.780702 0.253333 0.131161
0 0.100833 0.962406 0.191667 0.075188
0 0.396667 0.938596 0.193333 0.122807
0 0.826667 0.917293 0.200000 0.130326
